states,sat_participation_18_(%),sat_reading_and_writing_18,sat_math_18,sat_totals_18,act_participation_18_(%),act_composite_18
Alabama,6,595,571,1166,100,19.1
Alaska,43,562,544,1106,33,20.8
Arizona,29,577,572,1149,66,19.2
Arkansas,5,592,576,1169,100,19.4
California,60,540,536,1076,27,22.7
Colorado,100,519,506,1025,30,23.9
Connecticut,100,535,519,1053,26,25.6
Delaware,100,505,492,998,17,23.8
District of Columbia,92,497,480,977,32,23.6
Florida,56,550,549,1099,66,19.9
Georgia,70,542,522,1064,53,21.4
Hawaii,56,480,530,1010,89,18.9
Idaho,100,508,493,1001,36,22.3
Illinois,99,513,506,1019,43,23.9
Indiana,63,542,532,1074,32,22.5
Iowa,3,634,631,1265,68,21.8
Kansas,4,633,631,1265,71,21.6
Louisiana,4,615,595,1210,100,19.2
Maine,99,512,501,1013,7,24.0
Maryland,76,545,535,1080,31,22.5
Massachusetts,80,562,563,1125,25,25.5
Michigan,100,511,499,1011,22,24.2
Minnesota,4,643,655,1298,99,21.3
Mississippi,4,630,618,1248,100,18.6
Missouri,4,633,629,1262,100,20.0
Montana,10,606,592,1198,100,20.0
Nebraska,3,629,623,1252,100,20.1
Nevada,23,574,566,1140,100,17.7
New Hampshire,96,535,528,1063,16,25.1
New Jersey,82,547,547,1094,31,23.7
New Mexico,16,552,540,1093,67,19.4
New York,79,534,534,1068,27,24.5
North Carolina,52,554,543,1098,100,19.1
North Dakota,2,640,643,1283,98,20.3
Ohio,18,552,547,1099,100,20.3
Oklahoma,8,541,521,1062,100,19.3
Oregon,48,564,553,1117,42,21.3
Pennsylvania,70,547,539,1086,20,23.5
Rhode Island,97,513,505,1018,15,24.2
South Carolina,55,547,523,1070,100,18.3
South Dakota,3,622,618,1240,77,21.9
Tennessee,6,624,607,1231,100,19.6
Texas,66,520,512,1032,45,20.7
Utah,4,480,530,1010,100,20.4
Vermont,64,565,554,1120,24,24.1
Virginia,68,567,550,1117,24,23.9
Washington,69,543,538,1081,24,22.2
West Virginia,28,513,486,999,65,20.3
Wisconsin,3,641,653,1294,100,20.5
Wyoming,3,633,625,1257,100,20.0
